0
1
10
100
1002
1004
1005
1006
1007
1008
101
1011
1012
1013
1014
1015
1016
1019
102
1020
1021
1022
1024
1025
1026
1027
1028
1029
103
1030
1031
1032
1033
1034
1039
104
1043
1045
1046
1047
1048
105
1050
1053
1054
1056
1058
1059
106
1061
1065
1066
1067
1068
1069
107
1070
1072
1073
1074
1075
1076
1079
108
1082
1084
1087
1088
1089
109
1090
1091
1092
11
110
1101
1104
1106
1108
1109
111
1110
1111
1114
1115
1116
112
1120
1122
113
1130
1131
1132
1133
1134
1138
1139
114
1142
1143
1144
1147
1148
1149
115
1150
1151
1152
1156
1157
1159
116
1165
1169
117
1170
1173
1175
1179
118
1185
1189
119
1190
1195
1196
1199
12
120
1200
1201
1204
1205
121
1213
1214
1219
122
1223
1224
1225
1226
123
1231
1232
1233
1234
1236
1238
1239
124
1240
1241
1247
1249
125
1252
1254
1255
126
1260
1261
1263
1266
1267
1268
127
1272
1274
128
1280
129
1293
13
130
1301
1305
1306
1309
131
1310
1311
132
1320
1321
1325
1326
1327
1328
1329
133
1330
1331
1335
1336
1337
1339
134
1340
1341
1344
1345
1346
1348
135
136
137
1371
1377
138
139
14
140
141
142
143
144
145
146
147
148
149
15
150
151
152
153
154
155
156
157
158
159
16
160
161
162
163
164
165
166
167
168
169
17
170
171
172
173
174
175
176
177
178
179
18
180
181
182
183
184
185
186
187
188
189
19
190
191
192
193
194
195
196
197
198
199
2
20
200
201
202
203
204
205
206
207
208
209
21
210
211
212
213
214
215
216
218
219
22
220
221
222
223
224
225
226
227
228
229
23
230
231
232
233
234
235
236
237
238
239
24
240
241
242
243
244
245
246
247
248
249
25
250
251
252
253
254
255
256
257
258
259
26
260
261
262
263
264
265
266
267
268
269
27
270
272
273
274
275
276
277
278
279
28
280
281
282
283
284
285
286
287
288
289
29
290
291
292
293
294
295
296
297
298
299
3
30
300
301
302
303
304
305
306
307
308
309
31
310
311
312
313
314
315
316
317
318
319
32
320
321
322
323
324
325
326
328
329
33
330
331
332
333
334
335
336
337
338
339
34
340
341
342
343
344
345
346
347
348
349
35
350
351
352
353
354
355
356
357
358
359
36
360
361
362
363
364
365
366
367
368
369
37
370
371
372
373
374
375
376
377
378
379
38
380
381
382
383
384
385
386
387
388
389
39
390
391
392
393
394
395
396
397
398
399
4
40
400
401
402
403
404
405
406
407
408
409
41
410
411
412
413
414
415
416
417
418
419
42
420
421
422
423
424
425
426
427
428
429
43
431
432
433
434
435
436
438
44
440
441
442
443
444
446
447
448
449
45
450
451
452
453
454
455
456
457
458
459
46
460
462
463
464
465
466
467
468
469
47
470
471
472
473
474
475
476
479
48
480
481
482
483
484
485
486
487
488
489
49
490
491
492
493
494
495
496
497
498
499
5
50
500
501
502
503
504
505
506
507
508
509
51
510
511
512
513
515
516
52
520
521
522
524
525
526
527
528
53
530
531
532
533
534
535
536
537
538
539
54
540
541
542
544
545
546
547
548
55
550
551
552
553
555
556
557
558
56
561
564
565
566
567
568
569
57
570
571
572
573
575
576
577
578
579
58
580
581
583
585
586
587
588
589
59
590
591
592
593
594
595
596
597
599
6
60
600
601
603
605
606
608
609
61
610
611
612
613
614
615
616
618
619
62
620
622
623
626
627
628
629
63
630
631
632
634
635
636
638
639
64
640
641
643
646
647
648
65
650
651
652
654
655
656
657
659
66
660
661
662
663
664
665
666
669
67
670
671
672
673
675
676
677
678
679
68
680
681
682
683
686
687
688
689
69
692
693
694
695
696
697
698
699
7
70
700
701
702
703
704
705
706
707
709
71
710
711
713
714
715
716
717
718
719
72
720
721
723
724
725
726
727
728
729
73
730
732
733
736
738
74
740
741
748
749
75
750
755
757
758
759
76
760
761
763
764
766
767
768
769
77
770
771
773
774
775
777
778
779
78
780
782
783
785
787
788
79
790
791
792
793
794
795
796
797
798
799
8
80
800
801
802
803
807
808
809
81
812
814
815
816
817
819
82
822
823
826
827
828
829
83
830
831
832
833
834
835
836
837
838
84
841
842
843
845
846
847
848
849
85
851
852
853
858
859
86
862
863
864
865
866
868
869
87
870
871
873
875
876
877
878
879
88
880
881
883
884
885
886
888
89
890
891
896
897
9
90
900
901
903
907
908
909
91
910
912
913
915
916
917
919
92
920
921
925
926
927
929
93
930
932
933
934
936
937
939
94
940
942
943
944
946
947
948
949
95
952
953
954
956
957
958
959
96
960
961
963
964
965
966
967
968
97
970
971
972
973
974
975
978
98
980
981
985
988
989
99
992
